Recieved Repair Packet : 
Header : {2 false false false 15 20000 54243243 5001 [] 0 []}
Payload : [84 0 0 4 0 0 0 0 0 0 4 0 16 0 0 103 1 2 95 142 22 189 250 51 199 187 245 85 54 1 172 146 0 107 252 0 200 49 203 23 27 32 173 140 48 170 175 140 224 77]
PaddingSize : 0


Recieved Repair Packet : 
Header : {2 false false false 15 20001 54243243 5001 [] 0 []}
Payload : [68 0 0 59 0 0 0 0 0 4 4 0 85 108 155 136 247 91 117 101 27 67 104 179 135 187 140 24 186 44 60 148 157 16 167 133 213 120 202 26 243 34 74 107 30 22 40 86 103 50 39 79 180 82 16 221 72 161 220 190 46 37 152]
PaddingSize : 0


